[cal]
a = 0.000000
b = 1.000000
c = 0.000000

[motor]
x = 0.000000
y = 0.000000

[plat]
num = "a1"
a1_x = 0
a1_y = 0