[cal]
a = 0.000000
b = 1.000000
c = 0.000000
p0 = 57340
p1 = 49034
p2 = 43874
p3 = 38787
p4 = 27505
type = 0

[motor]
x = 0.000000
y = 0.000000
a1x = 53.4
a1y = 45

[plat]
num = "A1"